76.741096 	153.813248 	158.882904 	73.515800 	
79.207375 	151.985031 	160.494553 	75.179977 	
80.019897 	151.634262 	160.647018 	76.162827 	
80.194214 	151.435410 	160.464767 	76.618675 	
79.761551 	151.345734 	159.806671 	76.625374 	
79.321190 	151.294754 	159.790039 	76.747314 	
79.072830 	151.129501 	159.373672 	76.712555 	
78.459244 	151.001572 	159.123535 	76.725304 	
78.452873 	150.841431 	159.222153 	77.046661 	
78.039146 	150.563293 	158.916336 	76.824333 	
77.898743 	150.352036 	158.884644 	76.849380 	
77.899025 	150.409927 	159.178177 	76.641365 	
77.885559 	150.289795 	159.041733 	76.765572 	
78.217171 	150.414673 	159.184021 	76.800224 	
78.140007 	150.462341 	159.206558 	76.587364 	
78.491524 	150.549561 	159.318207 	76.845383 	
78.573250 	150.643250 	159.377945 	77.023087 	
78.442902 	150.280060 	159.020157 	77.213753 	
78.088875 	150.239685 	158.544144 	77.127289 	
78.250694 	150.456879 	158.594147 	77.295799 	
78.040344 	150.462372 	158.474518 	77.217056 	
78.075165 	150.353302 	158.399429 	77.316154 	
78.180832 	150.586044 	158.662018 	77.035393 	
77.984314 	150.570694 	158.837830 	76.730980 	
77.944870 	150.597565 	158.481522 	77.071190 	
78.236122 	150.422256 	158.378983 	77.558716 	
78.322929 	150.290634 	158.200760 	77.947128 	
78.320641 	150.008820 	157.973267 	77.964638 	
78.268692 	150.211838 	158.113907 	77.704300 	
78.164566 	150.366180 	158.169098 	77.462677 	
77.926758 	150.339951 	158.127518 	77.257080 	
78.098076 	150.510025 	158.164246 	77.396240 	
77.888550 	150.274445 	157.827240 	77.450554 	
77.920158 	150.242905 	158.009445 	77.434364 	
78.006012 	150.142654 	158.049606 	77.842918 	
78.107498 	150.065567 	157.986313 	78.138947 	
78.559723 	150.273193 	158.202393 	78.276016 	
78.265320 	149.980179 	158.106400 	78.200752 	
78.113281 	149.875549 	157.912857 	78.258324 	
78.685402 	149.850983 	158.162643 	78.383499 	
78.981277 	149.665375 	158.101715 	78.268097 	
79.049889 	149.588470 	158.261200 	78.276009 	
79.101173 	149.537308 	158.465240 	78.371346 	
79.077461 	149.450714 	158.235046 	78.015968 	
79.015961 	149.443619 	158.243118 	77.925087 	
78.913460 	149.362106 	158.639236 	77.974556 	
78.702713 	149.174759 	158.557114 	77.885048 	
78.709282 	149.031982 	158.502197 	78.016159 	
78.643021 	148.998260 	158.452377 	77.789513 	
78.699089 	148.923355 	158.627579 	77.705574 	
78.813103 	148.742218 	158.654236 	77.590393 	
79.008163 	148.289444 	158.728928 	77.477943 	
79.264862 	147.720215 	158.951828 	77.527679 	
78.902786 	146.666199 	159.130676 	77.272484 	
79.763275 	143.632828 	159.261093 	77.421150 	
80.018745 	139.771896 	158.760788 	77.682350 	
79.952797 	136.360657 	158.092957 	77.497223 	
78.296791 	131.782715 	156.067352 	77.229141 	
77.130257 	127.301529 	154.393570 	76.816231 	
73.646698 	120.640938 	151.332718 	75.549240 	
69.450188 	115.075615 	148.227753 	74.320282 	
61.632336 	108.587341 	143.064240 	72.522179 	
54.505325 	103.828903 	138.560410 	71.255409 	
49.344093 	100.586220 	135.519760 	70.929375 	
43.774483 	97.835976 	133.667648 	72.986771 	
40.306835 	96.110397 	132.519836 	73.853271 	
39.877094 	94.927475 	133.578949 	76.387512 	
41.051132 	94.005234 	135.331818 	78.137924 	
41.587738 	93.349030 	136.436371 	79.469704 	
41.360058 	93.082085 	136.848267 	79.755890 	
40.566406 	92.910439 	136.519821 	80.201294 	
36.849941 	93.185852 	135.022232 	81.260666 	
33.479038 	94.208832 	133.668488 	81.248497 	
35.242401 	93.928307 	134.433395 	82.460373 	
35.021118 	94.311546 	135.147781 	82.378250 	
35.323322 	93.781021 	135.633804 	83.790176 	
33.964554 	95.015900 	136.334198 	84.378586 	
33.886333 	94.512581 	137.455338 	82.965683 	
34.815655 	94.196724 	138.422516 	80.787796 	
35.414307 	93.898186 	138.919861 	79.500816 	
35.953663 	93.585228 	139.388107 	78.850334 	
35.341022 	93.902977 	139.027893 	78.281357 	
36.193813 	94.221596 	140.054184 	77.812576 	
34.486172 	94.946846 	139.338425 	77.997490 	
33.084389 	95.605721 	138.964386 	77.023232 	
33.726700 	95.494125 	139.088745 	75.941704 	
36.665298 	95.559563 	140.048401 	74.246521 	
35.661858 	95.844070 	139.289871 	73.068199 	
38.668915 	95.499290 	139.678970 	71.012131 	
40.824184 	95.613464 	140.172653 	69.845497 	
41.711773 	95.844681 	140.929413 	69.054482 	
42.624317 	96.592377 	141.176483 	68.136337 	
42.783024 	96.334465 	141.737305 	68.725014 	
42.808510 	96.729263 	141.628616 	68.069382 	
43.213512 	96.906441 	141.887650 	67.781403 	
43.235970 	96.317970 	142.232986 	68.288979 	
43.328712 	96.483910 	142.353745 	68.171814 	
43.142498 	95.994522 	142.141663 	68.692009 	
42.927292 	95.548058 	141.830002 	69.116341 	
42.933235 	94.998199 	141.662643 	69.376312 	
42.735722 	94.898315 	141.017090 	69.127663 	
42.736073 	95.118233 	140.645630 	68.345314 	
43.059250 	94.938759 	140.801819 	68.283463 	
43.147690 	94.842690 	140.713379 	68.202660 	
43.113514 	94.411201 	140.776886 	68.476242 	
43.197765 	94.482140 	140.734558 	68.475960 	
43.351757 	94.794434 	140.635498 	68.088875 	
43.654015 	94.766289 	140.586884 	67.873138 	
43.383366 	95.292236 	140.720352 	68.191460 	
43.757145 	95.093636 	141.056778 	68.144127 	
43.997631 	94.927101 	140.339874 	68.041016 	
43.611935 	94.795967 	139.885178 	68.776375 	
43.552330 	94.719383 	139.278122 	68.736336 	
43.752224 	94.738617 	139.443573 	68.770920 	
43.032848 	95.142471 	139.223495 	69.094650 	
42.968452 	94.981209 	138.901993 	68.851608 	
42.747902 	94.567955 	138.437775 	68.879791 	
42.528801 	94.836441 	138.731491 	69.332260 	
42.586189 	94.509720 	138.547638 	69.490562 	
42.388977 	94.543892 	138.522522 	69.448715 	
42.479603 	94.494690 	138.051544 	69.070320 	
42.139172 	94.942055 	138.016724 	69.156731 	
42.387417 	94.798248 	138.066589 	69.157944 	
41.899395 	95.254692 	137.945663 	69.430984 	
41.928707 	95.147079 	138.204849 	70.039574 	
42.162609 	94.865845 	138.015213 	69.300270 	
42.024948 	94.760933 	137.746796 	69.119568 	
42.497280 	94.615875 	138.165497 	69.034592 	
42.297272 	94.650948 	137.970276 	69.230705 	
42.438549 	94.364960 	138.392456 	69.691124 	
42.252201 	94.801315 	138.548340 	69.871078 	
42.309559 	95.261559 	138.898178 	69.855827 	
42.242630 	94.914993 	138.746063 	69.754959 	
42.062244 	94.462990 	138.736618 	70.277870 	
42.112648 	94.613731 	138.046494 	69.626442 	
37.702183 	95.358788 	136.524384 	70.531799 	
40.157578 	95.117439 	136.950592 	69.849014 	
40.379589 	100.135765 	139.205292 	74.835861 	
41.365395 	102.718750 	140.281876 	77.539650 	
37.215374 	99.625610 	138.040512 	73.916641 	
35.493080 	98.419685 	136.765167 	72.341843 	
34.019016 	97.514801 	135.420105 	71.829590 	
38.064075 	95.785782 	136.246033 	71.483322 	
40.202629 	94.742287 	137.335022 	70.989960 	
37.208988 	95.681618 	137.474091 	71.279617 	
35.286083 	95.701080 	137.546631 	72.614166 	
35.927990 	94.526031 	138.602997 	74.187721 	
36.926876 	91.659195 	140.693588 	79.029572 	
38.643814 	86.691772 	142.694351 	83.693520 	
44.371845 	76.296272 	143.343826 	85.047600 	
60.065823 	59.994312 	144.425629 	86.211571 	
74.710220 	50.231758 	145.182419 	87.449928 	
93.031540 	49.205627 	146.319550 	88.115662 	
105.947487 	54.128036 	146.400894 	88.287109 	
115.943214 	65.415054 	145.764877 	87.256813 	
119.575386 	75.012482 	143.962708 	86.145088 	
118.329887 	82.507507 	142.037048 	84.351318 	
108.837135 	90.260544 	138.878754 	82.197563 	
99.143753 	95.608803 	136.903717 	80.536949 	
83.542923 	100.389038 	134.781815 	78.655579 	
67.229446 	102.017883 	131.967133 	77.228264 	
48.369003 	99.426910 	128.558807 	75.319641 	
36.970520 	96.551231 	128.050705 	76.912300 	
33.192047 	94.903000 	130.313934 	80.420387 	
32.593712 	89.026268 	133.351257 	85.550369 	
35.118397 	80.886124 	135.494583 	88.264946 	
46.338974 	65.966469 	137.466675 	89.116890 	
58.804043 	55.031155 	139.252701 	90.467247 	
70.305679 	49.147758 	140.591156 	91.050278 	
83.815582 	47.613724 	141.137451 	92.806519 	
94.164543 	50.169922 	141.180740 	93.746788 	
105.258812 	57.278572 	141.004761 	94.218971 	
113.406891 	63.794853 	141.768082 	93.965858 	
119.214546 	69.705307 	142.136200 	92.680977 	
124.055580 	76.421791 	142.102768 	90.350632 	
125.159668 	78.191231 	142.504593 	89.807770 	
125.685890 	79.261887 	143.194183 	89.338997 	
126.028496 	79.901299 	143.696762 	89.204544 	
126.361794 	80.129700 	144.139160 	89.137413 	
126.166527 	80.039879 	144.342621 	88.975670 	
126.048058 	80.040085 	144.749390 	88.843559 	
126.061714 	80.047020 	145.368820 	88.494614 	
125.668991 	80.108940 	145.297424 	88.642929 	
125.585526 	80.214134 	145.281296 	89.237579 	
125.572975 	80.490768 	145.532211 	89.497604 	
125.534424 	80.540634 	145.822449 	89.340004 	
124.836105 	79.993988 	145.875702 	89.330223 	
123.906410 	79.633965 	145.709854 	89.184937 	
122.600731 	79.458984 	145.435242 	88.788155 	
119.192482 	79.186867 	144.681335 	88.704544 	
115.559586 	79.200615 	143.842850 	88.446823 	
109.085159 	79.331612 	142.739563 	87.871887 	
103.315010 	79.555733 	141.687576 	87.139793 	
95.142532 	80.655579 	140.160278 	86.437782 	
88.273170 	81.363853 	139.044327 	86.408379 	
78.017830 	83.547203 	137.096329 	86.095001 	
68.427200 	85.173317 	134.341187 	85.216522 	
59.550037 	86.699463 	131.596909 	83.657387 	
48.064190 	88.527641 	128.338531 	83.704933 	
38.807915 	90.236504 	125.522911 	83.647858 	
31.184004 	91.245110 	123.750450 	83.536064 	
22.544582 	92.924713 	120.933891 	84.026550 	
19.603312 	93.930145 	121.240120 	84.583160 	
18.642185 	94.849564 	122.305244 	84.584846 	
19.090803 	95.320869 	124.974541 	84.802444 	
19.650965 	95.054230 	125.970406 	84.727448 	
21.250803 	94.095024 	125.134201 	86.721916 	
22.817110 	94.209206 	127.016518 	86.389557 	
23.946993 	93.947876 	127.136734 	87.564705 	
23.534225 	94.306114 	126.449219 	88.260170 	
24.415789 	94.660080 	127.165733 	88.173080 	
24.517567 	94.754028 	127.234978 	88.027428 	
25.071423 	94.653755 	127.720047 	87.878746 	
25.159494 	94.706757 	127.763512 	87.459183 	
25.355061 	94.365997 	128.050385 	87.361931 	
25.380617 	94.135109 	128.274567 	87.098869 	
25.748695 	94.507423 	129.266174 	85.767815 	
24.103247 	94.810562 	129.207230 	85.054901 	
24.472521 	95.152740 	128.616928 	85.474388 	
24.874968 	95.319847 	128.922363 	85.942162 	
24.354313 	95.416069 	128.105545 	86.379555 	
24.132179 	95.008583 	127.678978 	87.136887 	
23.892826 	94.876564 	127.372780 	87.715431 	
23.073942 	95.067894 	126.561928 	87.633377 	
22.722952 	94.914459 	126.625999 	86.543854 	
21.391159 	95.167175 	126.480927 	85.671623 	
20.000839 	95.437881 	125.850113 	85.093307 	
18.699865 	95.686813 	125.374298 	85.131218 	
17.498333 	95.748779 	124.734215 	84.875862 	
17.056437 	95.952637 	124.502640 	84.681137 	
19.116608 	95.065674 	123.429909 	85.898712 	
19.339066 	95.295555 	124.374687 	84.959396 	
17.497313 	95.628273 	123.608765 	84.846931 	
17.618217 	95.599846 	124.640366 	84.499039 	
42.061543 	75.336533 	134.603653 	80.822586 	
58.037086 	60.481392 	139.556610 	80.115776 	
90.055649 	56.716022 	149.531357 	77.996330 	
105.756172 	68.675537 	153.815979 	81.890968 	
89.917389 	95.446152 	147.330765 	89.299110 	
65.033775 	104.288681 	138.109344 	87.057220 	
54.998318 	81.345757 	139.944656 	84.725670 	
63.928352 	61.288033 	144.384659 	82.200279 	
89.120628 	48.695137 	150.024796 	79.444489 	
118.181053 	54.464901 	148.484375 	83.481300 	
128.159256 	69.201515 	142.925278 	85.552376 	
108.697159 	93.000046 	136.947128 	88.075325 	
93.019341 	105.956108 	133.362366 	88.351089 	
81.191597 	109.961067 	132.178757 	87.382736 	
61.854568 	105.538483 	129.868454 	83.814072 	
48.172771 	100.382042 	128.113525 	82.024849 	
37.231464 	97.235916 	126.890747 	80.353470 	
29.906137 	95.810867 	126.096291 	79.894661 	
22.319319 	95.124237 	124.573746 	79.297539 	
18.721914 	95.013786 	124.412331 	79.796402 	
15.376163 	94.964790 	124.235664 	80.871826 	
13.854779 	95.634850 	124.245102 	81.304092 	
11.146839 	96.262970 	122.801964 	81.796669 	
10.500505 	95.963287 	122.696152 	82.337654 	
11.332284 	95.912506 	123.388695 	82.331871 	
12.992818 	95.120277 	122.060196 	83.112854 	
14.478518 	94.504005 	122.400284 	83.620735 	
14.102191 	94.287445 	121.964157 	83.888275 	
13.112683 	94.161415 	121.271637 	84.113960 	
12.115997 	94.438377 	120.417274 	83.698349 	
11.226458 	94.632187 	119.507591 	83.464539 	
11.028481 	94.766449 	119.428246 	83.700722 	
10.933351 	94.833488 	119.387856 	83.818771 	
11.162937 	94.749603 	119.549255 	85.125992 	
11.903338 	94.626778 	120.076294 	86.008217 	
11.512881 	94.493843 	119.671951 	86.662003 	
11.743715 	94.869995 	119.835342 	86.294441 	
12.290661 	95.358482 	120.746979 	85.180153 	
12.879580 	95.116043 	120.261780 	85.623589 	
12.903703 	95.366821 	119.776093 	85.356171 	
12.466015 	95.268875 	119.374290 	85.453880 	
12.450769 	95.186462 	119.304634 	85.726791 	
12.497712 	95.188835 	119.267426 	85.984573 	
11.987553 	95.053520 	118.989426 	86.068161 	
11.718420 	95.046539 	118.930084 	86.007133 	
11.523571 	95.099739 	118.821564 	86.146973 	
11.427098 	95.126244 	118.766632 	86.216492 	
11.298203 	95.230667 	118.729195 	86.127396 	
10.745688 	95.269073 	118.317314 	86.575050 	
9.941705 	95.397247 	117.611938 	86.813156 	
9.884513 	95.401649 	117.203560 	87.216660 	
9.741767 	94.971893 	116.920464 	87.565559 	
10.782095 	94.819008 	117.757324 	87.596947 	
10.595129 	94.719086 	117.797211 	87.666603 	
10.320451 	94.526024 	117.607414 	87.777786 	
10.190378 	94.757889 	117.441452 	87.141937 	
10.066538 	94.908195 	117.572731 	86.750671 	
10.007007 	94.983681 	117.638710 	86.554344 	
10.887919 	95.137169 	118.504181 	86.458847 	
11.752018 	95.218887 	119.166191 	86.497276 	
12.909742 	94.951805 	120.260025 	86.049065 	
13.203776 	94.634789 	120.606865 	86.126251 	
13.401135 	94.441780 	120.762688 	86.189606 	
14.676673 	94.241791 	121.797958 	85.965065 	
14.613133 	93.946838 	121.070854 	85.407715 	
14.894861 	93.717316 	120.938133 	85.161102 	
13.834827 	93.499207 	119.879219 	85.315331 	
13.977438 	93.561394 	119.685074 	85.503822 	
13.546503 	93.377106 	119.306068 	85.194427 	
14.198748 	93.367729 	119.563293 	85.281685 	
13.850271 	93.543594 	119.166977 	85.684540 	
13.854465 	93.630623 	119.060539 	85.709335 	
10.871201 	94.530540 	119.200981 	85.613327 	
14.078386 	94.766357 	123.137833 	86.171982 	
19.264761 	93.329948 	127.842316 	86.939774 	
34.617798 	79.830986 	137.738388 	83.507607 	
50.880363 	62.170662 	142.333099 	83.690834 	
81.512001 	48.816498 	148.943283 	83.221146 	
102.186501 	49.917179 	150.637497 	85.702629 	
110.538528 	68.901680 	147.908447 	88.478271 	
107.268959 	85.578255 	142.145309 	90.071861 	
98.805908 	96.831024 	136.894440 	90.571892 	
71.266968 	103.806618 	132.503052 	85.950562 	
46.432705 	102.861877 	130.042068 	83.532021 	
45.488087 	82.649666 	134.909500 	84.175674 	
56.100464 	65.586220 	140.893738 	82.952103 	
87.653488 	51.825264 	147.023666 	80.053497 	
109.824203 	50.415520 	148.362320 	82.224709 	
121.362640 	58.602123 	147.619400 	85.250206 	
120.317032 	72.143158 	142.003052 	87.154442 	
99.744156 	89.330902 	133.622528 	86.045746 	
87.566551 	91.857422 	131.850113 	84.886360 	
67.615364 	93.052132 	128.965256 	82.941032 	
49.413208 	93.094360 	125.231064 	81.685188 	
36.790184 	93.177902 	122.739677 	81.718796 	
24.532648 	93.378685 	121.575493 	83.262459 	
16.539150 	94.159241 	120.775787 	84.855728 	
12.731786 	94.301399 	117.547707 	87.052277 	
11.078159 	94.588417 	116.359375 	88.243706 	
9.610244 	94.684029 	115.090858 	88.882103 	
9.290200 	94.734863 	114.473770 	89.112930 	
8.671131 	94.714432 	114.013756 	89.304878 	
8.912267 	94.648170 	114.045509 	89.191917 	
9.900059 	94.563957 	114.894791 	88.807762 	
9.900773 	94.581879 	114.766617 	88.661591 	
10.828183 	94.520020 	115.594055 	88.280373 	
9.947835 	94.383148 	114.821709 	88.466827 	
9.482263 	94.501442 	114.459808 	88.387596 	
10.529119 	94.493645 	115.609261 	88.407478 	
11.161192 	94.298424 	116.164635 	88.775581 	
10.870928 	94.059433 	115.609589 	89.195267 	
11.159039 	93.929436 	115.802689 	89.541466 	
10.400378 	93.886543 	115.033195 	89.872963 	
10.742043 	93.774559 	115.261147 	89.727821 	
11.124524 	93.692528 	115.706207 	89.465240 	
9.885170 	93.692223 	114.685326 	89.915779 	
9.431985 	93.715378 	114.333443 	90.161308 	
9.732781 	93.813286 	114.289948 	90.317924 	
9.116132 	93.761154 	113.519440 	90.227333 	
8.828839 	93.797188 	113.572281 	90.514961 	
9.774228 	94.261238 	114.063438 	90.682610 	
9.614702 	94.340973 	113.663818 	91.009323 	
9.719480 	94.270493 	113.545418 	91.170013 	
10.669223 	94.874641 	115.554039 	89.602989 	
10.766366 	95.505676 	116.922760 	88.906906 	
10.961387 	95.848511 	118.301239 	88.057907 	
10.381350 	96.103081 	118.247635 	88.117767 	
10.547754 	95.550163 	116.167091 	89.437752 	
10.647878 	95.198074 	115.175949 	90.250763 	
10.512398 	94.974838 	114.615707 	90.608185 	
10.337765 	94.869987 	114.462715 	90.450996 	
10.870241 	94.952049 	114.985809 	90.308090 	
10.977933 	94.843460 	114.908371 	90.253693 	
10.131975 	94.777435 	114.131996 	89.895294 	
10.261726 	94.594803 	114.361160 	89.707214 	
11.019390 	94.252510 	114.761002 	90.078125 	
10.817199 	94.445320 	114.315941 	89.944794 	
11.387263 	94.552605 	114.587532 	90.041565 	
10.600309 	94.592056 	114.010193 	90.045120 	
10.422998 	94.724297 	113.968170 	90.223114 	
10.256011 	94.445564 	113.731262 	90.730072 	
10.136556 	94.392403 	113.523788 	90.942604 	
9.991468 	94.637535 	113.390968 	90.596016 	
10.240061 	94.482040 	113.979729 	90.840195 	
10.201394 	94.716896 	113.757317 	90.605263 	
10.775703 	94.692101 	114.465286 	90.099518 	
10.523810 	94.660957 	114.317665 	89.802353 	
9.483776 	94.419258 	113.604897 	90.205833 	
9.713247 	94.330147 	113.515160 	90.504616 	
9.141960 	94.259476 	113.190727 	90.596855 	
9.932205 	94.120918 	113.784790 	90.513832 	
10.602667 	94.062981 	114.342796 	90.320946 	
10.443422 	94.319633 	113.779633 	90.361160 	
10.539430 	94.038376 	113.791870 	90.499840 	
10.922649 	93.815536 	114.110092 	90.708702 	
10.987004 	94.127007 	113.918503 	90.263054 	
10.730053 	94.290215 	113.627350 	91.108650 	
13.251461 	94.654976 	117.796463 	89.315224 	
18.016731 	89.602013 	123.561264 	89.393700 	
24.478849 	78.828896 	128.364853 	89.334747 	
38.925121 	62.257996 	133.842041 	89.469978 	
72.766365 	45.658344 	141.899323 	86.018188 	
97.082794 	43.413166 	144.938812 	86.981705 	
108.561020 	62.872856 	144.710571 	90.235939 	
107.917961 	79.492638 	139.894241 	92.481926 	
92.710358 	95.761795 	133.449677 	92.626999 	
69.816254 	103.927933 	129.242615 	89.738770 	
46.233421 	102.891609 	126.844330 	86.408997 	
34.912022 	86.603134 	130.121582 	88.155365 	
37.740883 	70.542122 	133.396484 	88.017006 	
70.180580 	51.751579 	143.516449 	84.157745 	
91.653175 	40.753391 	143.868439 	86.453499 	
107.084877 	49.544525 	141.448837 	91.400452 	
114.234344 	61.881241 	139.468796 	94.204567 	
115.274986 	71.875969 	137.215485 	95.486160 	
109.495476 	81.827736 	135.614670 	94.131966 	
102.536591 	87.296242 	134.750748 	92.124199 	
92.310257 	89.685921 	134.771454 	89.293594 	
83.468582 	90.394531 	134.538300 	87.227211 	
70.241486 	90.529060 	132.376877 	85.557266 	
46.093555 	89.740715 	126.939804 	84.529449 	
36.255043 	90.293488 	124.900352 	84.292702 	
27.755272 	91.055054 	123.039284 	84.571617 	
22.207399 	91.721352 	120.924210 	87.580711 	
18.093124 	92.483215 	119.446320 	89.226227 	
16.528988 	93.027588 	119.370209 	88.946274 	
16.016436 	93.290092 	119.488037 	88.967957 	
15.596056 	93.429970 	119.536041 	88.854660 	
15.385665 	93.499565 	119.559540 	88.797737 	
14.690685 	93.454140 	119.338654 	88.045753 	
15.303599 	93.507362 	119.710716 	87.857285 	
15.382627 	93.533508 	119.460121 	87.901573 	
15.169976 	93.393364 	119.295021 	88.867165 	
15.051259 	93.402763 	119.047165 	89.475731 	
14.177068 	93.534164 	118.026695 	89.445305 	
13.619051 	93.703156 	117.703499 	89.529709 	
14.148105 	93.376953 	117.930115 	90.009109 	
14.570759 	93.628273 	117.859077 	90.126900 	
14.799008 	93.415489 	117.996315 	90.475075 	
14.580922 	93.648071 	117.515999 	89.937683 	
14.877021 	93.657890 	117.893875 	89.579163 	
14.893003 	93.770195 	118.038361 	89.335602 	
15.180504 	93.852455 	118.546539 	89.457962 	
14.139719 	93.445770 	118.255585 	89.898399 	
14.396304 	93.591331 	118.268372 	89.570251 	
14.042794 	93.487846 	118.299545 	90.201523 	
15.217863 	93.806381 	120.067268 	88.424507 	
15.059529 	94.476601 	120.896507 	87.326904 	
14.814402 	94.218849 	119.704895 	87.740822 	
14.379290 	94.103317 	118.940666 	88.103455 	
14.323393 	93.426292 	118.555214 	89.384743 	
14.755748 	93.328865 	118.517044 	89.773689 	
14.476851 	93.404327 	117.674080 	89.609665 	
14.041260 	93.636520 	117.278908 	89.406631 	
14.466477 	94.195053 	118.539261 	87.904968 	
13.930093 	94.065834 	117.526680 	89.733833 	
13.200995 	94.026855 	116.804199 	90.926781 	
12.661040 	94.261490 	116.194481 	90.852539 	
12.397356 	94.380043 	115.890144 	90.816444 	
13.876326 	94.163109 	118.023361 	89.931137 	
14.237693 	93.590584 	118.566322 	89.855309 	
14.292645 	93.411591 	118.434113 	90.064575 	
13.864858 	93.604614 	117.990715 	90.956787 	
16.176794 	86.941345 	121.411613 	85.338356 	
32.488117 	74.687363 	131.615494 	83.360519 	
50.310219 	60.310757 	138.506424 	82.961113 	
72.472504 	44.937717 	142.247162 	83.819244 	
95.304703 	44.192158 	141.733917 	85.939461 	
105.173409 	56.880745 	139.303421 	87.850616 	
97.595779 	80.217522 	134.733047 	89.990494 	
87.072571 	93.494873 	132.302612 	90.572212 	
54.536144 	97.330734 	126.950485 	86.694351 	
37.258625 	94.558754 	127.363396 	86.934921 	
34.622345 	80.539108 	131.905258 	88.857849 	
44.780186 	66.771889 	137.376053 	88.725090 	
60.803825 	55.449013 	140.156296 	89.373932 	
81.192375 	50.002720 	138.133102 	92.257629 	
96.225464 	53.261356 	136.708755 	94.133636 	
107.050102 	62.475960 	134.357300 	94.644135 	
111.848122 	68.823448 	132.419464 	94.548790 	
116.357719 	74.984756 	132.510025 	92.000534 	
117.905701 	75.827362 	133.204468 	90.810356 	
118.407257 	75.762131 	134.268585 	90.393242 	
118.199646 	75.861214 	134.313980 	90.453323 	
117.878891 	75.835762 	134.836990 	90.966614 	
118.270531 	75.585434 	136.010193 	90.767235 	
118.878471 	75.577591 	136.970795 	90.602562 	
118.705696 	75.232307 	136.840652 	90.355789 	
118.492729 	75.176064 	136.777206 	90.167694 	
118.045120 	75.039902 	136.639557 	90.225311 	
117.645882 	74.717224 	136.480881 	90.531784 	
117.464798 	74.283348 	136.672455 	90.903755 	
117.384918 	73.934158 	136.325958 	90.972054 	
117.718651 	74.256638 	136.858643 	90.678085 	
117.495796 	73.949646 	136.774429 	90.920937 	
117.551979 	73.755043 	136.894073 	90.975769 	
117.638367 	73.708488 	137.235077 	91.094727 	
117.873276 	73.815033 	137.458130 	91.055618 	
117.800163 	73.747192 	136.972977 	90.705589 	
117.708405 	74.063026 	136.835724 	90.704697 	
117.278923 	73.878433 	136.422775 	90.951759 	
117.173805 	73.902100 	136.313080 	90.973297 	
117.345329 	74.286034 	136.297638 	91.201324 	
117.464729 	73.976624 	136.519165 	91.122620 	
117.672562 	73.993660 	136.895950 	91.406738 	
117.683067 	73.741539 	136.959930 	91.447777 	
117.941177 	73.773125 	137.634384 	91.559105 	
117.327827 	73.686012 	136.802536 	91.883575 	
117.400200 	73.813988 	136.717346 	92.074730 	
117.288406 	73.889359 	136.861206 	92.395882 	
116.747452 	73.858421 	136.546646 	92.421692 	
116.702637 	73.843414 	137.006638 	92.204475 	
116.255081 	73.822594 	136.978455 	92.067909 	
115.940575 	73.582466 	137.165298 	92.257431 	
114.710388 	73.621353 	137.159836 	92.373230 	
113.345955 	74.067436 	137.219284 	92.017357 	
109.214455 	74.042175 	136.540039 	91.666557 	
105.429298 	74.229660 	136.278076 	90.975517 	
99.656105 	75.096001 	136.175537 	90.989494 	
94.414917 	75.912621 	135.247177 	90.881950 	
88.687759 	76.594933 	133.631989 	90.554512 	
81.703873 	78.206253 	132.799286 	90.314766 	
75.828972 	79.854996 	132.691330 	89.891289 	
65.719597 	82.237381 	130.502563 	89.258598 	
55.965462 	84.177788 	128.600189 	89.114479 	
43.936398 	86.456200 	125.288071 	88.961899 	
38.401608 	87.857674 	123.748901 	88.301750 	
29.886658 	89.462921 	120.826645 	88.276070 	
17.193907 	91.796173 	116.169159 	88.812614 	
10.826929 	92.558220 	111.533646 	90.828392 	
8.770508 	92.714310 	110.271309 	92.077293 	
7.404276 	92.712082 	109.386696 	92.289970 	
6.848452 	93.034454 	108.751671 	92.109444 	
5.978420 	93.145256 	108.106384 	91.969742 	
4.810760 	92.935173 	107.154030 	91.660042 	
4.185024 	92.599594 	105.245506 	91.458054 	
3.993706 	92.705505 	105.000275 	91.019714 	
4.587957 	92.588875 	103.813019 	91.107765 	
4.460717 	92.467636 	104.552704 	91.464424 	
4.864619 	92.538521 	103.844528 	91.450394 	
4.264297 	92.557968 	105.267456 	91.280357 	
4.206263 	92.871094 	105.522270 	91.007462 	
4.010392 	93.048378 	105.813431 	90.732552 	
4.445411 	92.825012 	105.032433 	90.887589 	
4.411309 	92.736519 	105.279999 	91.189728 	
4.566302 	92.609642 	104.794273 	91.401276 	
4.837197 	92.873520 	103.970589 	91.083649 	
5.185649 	92.791512 	103.836838 	91.048386 	
5.458513 	93.118637 	103.717857 	91.148460 	
5.271839 	93.307518 	105.028854 	91.548820 	
5.484158 	93.485863 	106.240318 	91.988739 	
5.483943 	93.586273 	106.533577 	91.886101 	
5.366478 	93.705559 	106.770370 	91.646088 	
5.569049 	94.028862 	108.255104 	91.266190 	
5.249342 	93.719452 	108.661476 	91.204254 	
4.887881 	93.682442 	109.307716 	90.330826 	
4.783850 	93.699493 	107.894653 	90.886940 	
5.637568 	93.772964 	108.316483 	91.454315 	
5.326639 	94.152161 	109.615456 	89.848190 	
4.969368 	93.984596 	107.486069 	90.849808 	
5.161904 	94.038498 	108.595192 	90.810318 	
5.431196 	93.990585 	106.986320 	91.435814 	
6.268884 	93.941101 	106.351723 	92.318497 	
6.055600 	93.794083 	106.919540 	92.252541 	
6.367012 	93.839104 	106.859810 	92.513908 	
6.549098 	93.809029 	106.352249 	92.733002 	
6.565457 	93.976646 	106.560997 	92.531616 	
6.692312 	94.059067 	106.244804 	92.540688 	
6.998884 	93.947899 	105.613205 	92.906746 	
6.895119 	93.806488 	105.028587 	92.789627 	
6.420801 	94.072998 	106.484779 	92.295860 	
6.103421 	93.901581 	106.470390 	92.195366 	
6.035853 	93.742027 	106.056862 	92.290878 	
5.964731 	93.976761 	105.524338 	91.962067 	
6.317145 	93.913460 	106.548119 	92.391808 	
7.385675 	94.087379 	105.447014 	93.169868 	
6.358815 	93.743889 	110.047539 	91.983833 	
11.671684 	87.927498 	117.623901 	91.440704 	
25.044136 	73.722191 	125.142532 	88.630943 	
47.301182 	58.518227 	132.458755 	85.778687 	
78.619476 	41.975262 	135.082382 	87.540642 	
98.193352 	46.729919 	137.503967 	88.108475 	
97.207497 	68.243912 	136.839951 	89.562462 	
87.078194 	85.800941 	131.503220 	90.464432 	
56.281998 	90.702904 	127.892776 	89.580917 	
36.609081 	91.354897 	126.194084 	89.880020 	
32.587921 	80.770233 	131.653854 	89.699799 	
37.969303 	67.543327 	134.809631 	90.415833 	
53.165260 	55.970188 	139.649658 	90.310158 	
74.819672 	46.763367 	137.864609 	94.890633 	
90.180328 	49.922070 	132.807465 	99.551903 	
102.341568 	60.065250 	126.692947 	101.751511 	
107.677498 	67.596634 	122.633904 	103.248428 	
109.689972 	71.586334 	120.853119 	101.756180 	
109.846146 	73.912003 	122.246071 	100.168198 	
110.579582 	74.691719 	124.250404 	98.783249 	
111.803429 	74.702370 	126.663261 	97.923370 	
112.851067 	74.881805 	128.658707 	97.560585 	
113.038651 	74.887932 	129.087372 	97.286186 	
113.182762 	74.319183 	129.972565 	97.341591 	
113.945572 	73.893608 	131.458099 	97.180016 	
114.553329 	73.840744 	132.438492 	97.104263 	
115.056915 	73.794106 	132.781708 	96.659775 	
115.164337 	73.877968 	132.867218 	96.535057 	
115.605499 	73.942474 	133.659302 	96.756081 	
115.818558 	73.885704 	133.842072 	96.553482 	
116.014671 	74.128326 	134.063049 	96.736649 	
116.097534 	74.135521 	134.106644 	96.655708 	
116.082687 	74.076797 	133.850021 	96.622009 	
116.132980 	74.261948 	133.679581 	96.855820 	
116.002144 	74.384689 	133.157120 	97.086243 	
116.064461 	74.471626 	133.189377 	97.000198 	
116.041229 	74.573250 	133.006088 	97.187920 	
116.036949 	74.902458 	132.715668 	97.444450 	
115.781517 	75.005379 	132.370178 	97.598366 	
115.864799 	75.140022 	132.553864 	97.607994 	
115.864990 	75.148399 	132.499207 	97.369377 	
115.918259 	75.164085 	132.529236 	97.183205 	
116.086250 	75.164955 	132.897095 	97.229637 	
116.162888 	74.932716 	132.839386 	97.050423 	
116.121986 	74.778824 	132.945984 	96.861115 	
116.127426 	74.528206 	133.334030 	97.058273 	
116.321220 	74.342300 	133.662018 	96.881004 	
116.291336 	74.235428 	134.134964 	97.108040 	
116.246307 	74.413223 	134.047882 	97.347969 	
116.523247 	74.625900 	134.595642 	97.659645 	
116.710953 	74.855202 	134.901962 	97.359856 	
116.528587 	74.772652 	134.411865 	97.136986 	
116.432785 	74.769150 	134.282425 	97.358498 	
116.396095 	74.626503 	134.232773 	97.804901 	
115.609177 	74.865829 	132.988190 	98.165123 	
115.727859 	74.704391 	133.324036 	98.177292 	
115.757980 	74.711342 	133.316360 	97.879265 	
115.510056 	74.650208 	133.149353 	97.610474 	
114.841927 	74.956360 	133.607849 	97.514297 	
113.501175 	75.167130 	133.341187 	97.469238 	
108.746910 	74.094917 	132.407227 	96.300285 	
104.745522 	73.743568 	132.681488 	95.387093 	
99.600273 	73.568626 	132.445694 	94.664917 	
91.441261 	74.058044 	132.040771 	93.496635 	
84.427612 	75.067650 	131.983658 	92.446266 	
74.146385 	77.078094 	130.839447 	90.938988 	
63.443680 	78.626450 	128.744385 	90.013077 	
48.499939 	81.831291 	124.926704 	88.825500 	
37.222866 	84.928932 	122.621399 	87.843452 	
26.392017 	88.120659 	119.275223 	86.397629 	
21.898336 	88.958069 	118.596985 	85.613716 	
15.274745 	91.019478 	116.608635 	85.445625 	
4.749080 	92.925285 	109.649712 	88.324760 	
4.130195 	93.823730 	105.584732 	90.089417 	
6.010565 	94.397903 	103.746284 	90.469650 	
6.151604 	94.222191 	103.797302 	90.810753 	
6.236368 	94.426086 	103.592163 	90.737076 	
5.714431 	94.220032 	104.471519 	90.987396 	
5.406062 	94.160759 	105.122810 	91.065498 	
4.935624 	94.103310 	105.623428 	90.801636 	
4.818532 	94.067368 	105.566193 	90.749664 	
5.043992 	93.934456 	105.107574 	91.068169 	
5.623158 	93.923859 	103.974648 	91.357864 	
5.800998 	93.952042 	104.389511 	91.614777 	
5.930917 	94.002640 	104.131104 	91.545883 	
5.594960 	93.886505 	104.347260 	91.461700 	
6.139226 	94.060760 	103.783043 	91.516930 	
6.387826 	94.088005 	103.076485 	91.346321 	
6.066403 	93.949272 	103.408676 	91.470276 	
5.844826 	93.980171 	103.357712 	91.331490 	
5.346724 	93.804100 	103.660988 	91.196587 	
5.056057 	93.712334 	103.330788 	90.821358 	
5.585039 	93.806282 	102.831718 	90.902748 	
5.418697 	93.582199 	102.601685 	90.962318 	
4.968855 	93.237244 	103.449112 	91.317337 	
5.413161 	93.067627 	103.187645 	91.709274 	
5.350388 	93.058044 	103.128197 	91.629456 	
4.947755 	93.591904 	104.174919 	91.165962 	
4.922906 	93.623848 	104.588562 	91.171768 	
5.437542 	93.635338 	102.785583 	90.807991 	
6.175396 	93.593819 	101.311485 	90.668365 	
6.213787 	93.836540 	101.347122 	90.882935 	
6.386599 	93.692284 	101.021782 	90.979454 	
6.385432 	93.361900 	101.617195 	91.808060 	
6.216877 	93.568138 	101.682556 	91.597519 	
5.797788 	93.264816 	102.295364 	91.900322 	
5.932767 	93.515884 	102.222534 	91.757904 	
5.337481 	93.579994 	102.503242 	91.054169 	
5.389361 	93.446991 	101.800667 	90.387619 	
4.974530 	93.643883 	102.729774 	90.318573 	
5.004451 	93.685631 	102.734764 	89.986015 	
5.038045 	93.706917 	102.736488 	89.820175 	
4.817312 	93.645317 	102.860283 	89.690186 	
4.707817 	93.614334 	102.921272 	89.625511 	
7.748207 	93.686615 	104.329681 	90.224930 	
6.633829 	93.972046 	104.239944 	89.717789 	
6.487578 	94.202026 	103.052170 	89.567192 	
6.401839 	94.418961 	102.099800 	89.631470 	
6.264317 	94.442223 	101.892677 	89.666725 	
6.012619 	94.325302 	101.849731 	89.957558 	
6.041080 	94.580307 	102.146271 	90.204414 	
6.052815 	94.584389 	102.297104 	90.313187 	
5.832572 	94.620422 	102.417061 	90.136467 	
5.773769 	94.582283 	102.119904 	90.018120 	
5.749616 	95.026451 	102.346077 	89.771133 	
5.674782 	94.872643 	102.722076 	89.781288 	
5.510146 	94.751282 	103.023872 	90.024628 	
5.731008 	94.672371 	102.931023 	90.199509 	
6.128679 	94.779961 	102.173485 	90.309662 	
5.866049 	94.679764 	102.024643 	90.122307 	
6.596834 	94.686806 	101.324432 	90.199799 	
6.326015 	94.370125 	101.337715 	89.733704 	
6.652310 	94.479195 	101.348961 	89.742813 	
6.251063 	94.139648 	101.596413 	89.744904 	
6.337998 	94.255363 	102.108154 	89.586151 	
6.313171 	94.247360 	102.480492 	89.740776 	
6.509214 	94.233711 	101.949432 	89.482391 	
6.621698 	93.988060 	101.781563 	89.555687 	
6.123751 	94.248924 	101.984550 	89.052124 	
6.343935 	94.385216 	101.727280 	88.793076 	
6.067566 	94.361778 	102.123825 	88.633835 	
5.615100 	94.092735 	102.387413 	88.742073 	
4.865907 	93.898804 	102.913177 	88.849258 	
4.626561 	93.967918 	102.925072 	88.677689 	
4.166122 	94.226181 	103.499062 	88.645004 	
5.298422 	93.981133 	102.268867 	88.709160 	
4.814952 	94.004990 	102.915321 	88.653168 	
4.668457 	93.961960 	103.379517 	89.088501 	
4.750524 	93.756325 	103.297829 	89.665497 	
4.806523 	93.653839 	103.255119 	89.953300 	
5.686237 	94.068733 	103.609299 	89.739822 	
6.007955 	94.401627 	103.830368 	90.321800 	
5.851496 	94.644730 	104.293091 	90.661797 	
6.185832 	94.785919 	104.383720 	90.945457 	
5.823694 	94.765854 	109.723076 	90.121796 	
14.849277 	85.571106 	119.519760 	88.009293 	
31.280664 	71.836967 	127.340981 	85.235519 	
54.332188 	56.583210 	134.316879 	83.233322 	
86.042305 	43.613987 	137.084442 	84.780746 	
105.833382 	50.779156 	139.269135 	85.961678 	
104.527283 	70.737984 	137.138901 	87.622238 	
94.922234 	84.266869 	132.031784 	87.701172 	
70.756737 	92.659706 	125.868881 	86.848579 	
45.695724 	93.281906 	121.300789 	87.961967 	
31.884501 	88.863770 	121.919617 	90.437187 	
34.317852 	74.285744 	127.391235 	90.297562 	
49.297935 	60.824638 	132.260376 	89.513023 	
70.789734 	48.957478 	133.049622 	92.365044 	
86.503227 	47.647976 	133.344772 	95.105507 	
101.987198 	55.977726 	133.154816 	97.343201 	
111.711311 	63.307713 	132.609802 	97.605354 	
116.487335 	68.387100 	132.122787 	97.409134 	
116.998901 	70.734543 	132.022263 	95.977959 	
116.993149 	71.279564 	132.239349 	94.417648 	
119.496124 	71.776337 	135.054733 	93.105972 	
120.211128 	71.984100 	136.122879 	92.784698 	
120.406906 	72.549400 	136.428482 	93.061813 	
119.959541 	72.713440 	136.348206 	93.231110 	
120.010101 	72.834602 	136.350159 	93.148346 	
119.880417 	72.775101 	136.263260 	93.182991 	
119.849564 	72.443863 	136.185135 	93.105453 	
119.770744 	72.255684 	136.045319 	93.147530 	
120.130226 	72.464828 	136.514725 	93.078102 	
119.924789 	72.194450 	136.755310 	93.697723 	
119.406090 	72.247116 	136.448074 	94.361084 	
119.150475 	72.332649 	136.259003 	94.973610 	
118.930969 	72.259048 	135.843445 	95.040359 	
119.619194 	72.501984 	136.386749 	94.762856 	
120.072197 	72.417984 	136.872665 	94.517532 	
120.452477 	72.659859 	137.256516 	94.208519 	
120.576523 	72.527908 	137.716614 	94.390388 	
120.216370 	72.348694 	137.476013 	94.775978 	
120.394135 	72.379089 	137.419037 	94.980377 	
120.498535 	72.569649 	137.822250 	95.364510 	
120.293579 	72.576637 	137.563843 	95.520599 	
119.959145 	72.679237 	137.223846 	95.800087 	
119.828674 	72.669487 	137.032806 	95.741646 	
120.148163 	72.838753 	137.043732 	95.412666 	
120.383720 	72.858223 	137.295975 	95.254303 	
120.600311 	72.894829 	137.486877 	95.187019 	
120.354271 	72.679726 	137.357422 	95.486107 	
120.318329 	72.644592 	137.469177 	95.597626 	
120.446411 	72.761650 	137.534500 	95.697906 	
120.405144 	72.838127 	137.414520 	95.686287 	
120.541702 	72.910164 	137.543274 	95.524887 	
120.659241 	73.022705 	137.554474 	95.696899 	
120.428909 	73.247711 	137.035843 	95.788254 	
120.272652 	73.233055 	136.695007 	95.963341 	
120.080193 	73.309311 	136.448090 	96.122818 	
120.112076 	73.393105 	136.513779 	96.178535 	
120.253365 	73.465744 	136.612915 	96.180458 	
120.104927 	73.533348 	136.455490 	96.168571 	
120.147278 	73.547897 	136.551682 	96.173332 	
120.402557 	73.581314 	136.837952 	96.092674 	
120.318520 	73.641304 	136.468826 	96.099052 	
119.939102 	73.540466 	135.882126 	96.066566 	
119.914146 	73.555260 	135.852142 	96.144485 	
120.083725 	73.622620 	135.891983 	96.133652 	
120.171799 	73.629547 	135.997757 	96.293785 	
120.289986 	73.713371 	136.097092 	96.323143 	
120.228638 	73.686867 	135.750320 	96.214561 	
120.045776 	73.623405 	135.816223 	96.254822 	
119.834778 	73.509010 	135.364227 	96.130455 	
119.984459 	73.595604 	135.545807 	96.241219 	
120.103615 	73.617203 	135.662964 	96.076973 	
120.079437 	73.464172 	135.595749 	96.217194 	
119.917397 	73.366493 	135.490112 	96.324593 	
120.178368 	73.255821 	135.749969 	96.174141 	
119.612320 	72.940659 	135.873779 	95.752998 	
117.463753 	72.370941 	135.057739 	95.323441 	
113.778893 	72.252983 	133.783203 	95.013664 	
105.511658 	71.680191 	132.711685 	93.033546 	
96.480072 	70.663162 	132.013336 	91.237144 	
81.061653 	72.281334 	129.766846 	88.877472 	
35.678761 	83.299454 	122.667122 	88.950752 	
23.201891 	88.463936 	121.786385 	89.408836 	
19.186562 	91.678345 	122.424683 	85.496895 	
17.620258 	93.690590 	122.671402 	83.209389 	
15.609056 	93.651146 	121.486374 	81.046318 	
16.005365 	93.915535 	121.857689 	80.303543 	
16.668762 	93.826569 	122.014008 	79.679260 	
17.485451 	93.641953 	122.667412 	79.540169 	
18.406639 	93.440948 	123.338188 	79.128174 	
18.660212 	93.358711 	123.519447 	79.038101 	
18.631680 	93.482002 	123.301964 	78.802376 	
18.837225 	93.347755 	124.720207 	81.786163 	
18.199074 	92.824455 	124.594360 	82.839050 	
18.199730 	92.462204 	124.577652 	84.141487 	
18.069555 	92.160217 	124.681854 	84.584190 	
17.339670 	91.814903 	124.051018 	84.601250 	
16.731001 	91.402290 	123.589661 	84.555214 	
16.076714 	91.082497 	122.874191 	84.426102 	
15.499059 	90.960564 	122.240494 	84.290558 	
15.197722 	91.036339 	121.935211 	84.991066 	
15.192342 	90.982201 	121.842354 	85.615395 	
15.391521 	90.752151 	122.342659 	85.893623 	
15.449599 	90.590042 	122.945877 	86.262901 	
14.588586 	90.667870 	122.714935 	84.413094 	
14.954440 	90.841286 	123.135292 	84.648193 	
14.878087 	91.033241 	123.221764 	84.612709 	
15.105817 	91.254791 	123.318680 	84.673317 	
14.992664 	91.281349 	123.079765 	84.807396 	
15.046603 	91.429764 	122.948555 	84.577354 	
15.840964 	91.785934 	123.524193 	85.009163 	
13.832656 	91.248978 	121.785088 	83.170471 	
13.130825 	90.927773 	120.855186 	82.497643 	
12.987804 	90.754524 	120.818954 	82.163757 	
14.060390 	91.150284 	122.245758 	83.472229 	
13.825526 	91.498779 	122.341255 	84.344223 	
14.278336 	91.403778 	122.402122 	84.852333 	
14.105456 	91.269691 	122.099998 	84.879425 	
12.637882 	90.899094 	120.804520 	83.373589 	
13.086119 	91.298592 	121.473251 	84.146629 	
13.309871 	91.358147 	121.485909 	84.862411 	
13.879985 	91.702965 	121.851166 	84.853958 	
14.837212 	91.792412 	122.301712 	84.784737 	
14.683034 	91.908279 	121.797462 	84.540192 	
15.106302 	92.125778 	122.002914 	85.196487 	
15.145540 	92.008537 	121.839920 	85.044113 	
15.011267 	91.847374 	121.600945 	84.837784 	
14.254139 	91.795357 	121.078178 	84.853859 	
14.275620 	91.789825 	120.983139 	85.112099 	
14.049814 	91.446030 	121.175537 	85.432671 	
14.486806 	91.840668 	121.360916 	85.553673 	
15.219138 	92.152084 	121.758957 	85.960815 	
14.468897 	92.243866 	121.295181 	85.587463 	
14.998882 	92.193527 	122.062569 	86.136391 	
14.886290 	92.187828 	122.135544 	86.303177 	
14.722956 	92.065483 	121.928551 	86.295547 	
14.276937 	91.962982 	121.569267 	86.040649 	
13.950336 	91.897057 	121.343582 	85.038429 	
13.044771 	91.882095 	120.573441 	84.125282 	
12.957546 	91.798119 	120.473564 	83.897163 	
10.462829 	92.619408 	118.368042 	83.516228 	
10.015944 	94.143028 	118.112083 	84.486298 	
11.201908 	94.461082 	118.674469 	84.276619 	
11.735206 	94.902855 	118.768929 	84.415306 	
11.643053 	95.444382 	118.252922 	85.377541 	
13.401519 	94.588661 	118.737305 	86.795029 	
14.062217 	93.939804 	118.650452 	87.524490 	
14.037106 	93.680702 	119.025414 	87.707047 	
13.407602 	93.618790 	117.951340 	88.334854 	
13.128029 	93.616257 	117.326424 	88.466858 	
12.173138 	93.666771 	116.651077 	88.004456 	
11.461952 	93.543182 	115.852959 	87.902527 	
11.498397 	93.493599 	115.895950 	87.813240 	
11.447748 	93.533531 	115.751816 	87.730034 	
11.553484 	93.560310 	115.869812 	87.878731 	
11.193537 	93.488914 	115.383942 	88.261124 	
10.976695 	93.398499 	115.050026 	88.377922 	
11.024552 	93.321510 	115.217384 	88.352669 	
10.605358 	93.278458 	114.632202 	88.624672 	
10.692661 	93.336525 	114.606010 	88.713028 	
10.744424 	93.268738 	114.582298 	88.644981 	
10.374183 	93.329720 	114.248169 	88.491104 	
10.000401 	93.202156 	113.988914 	88.479218 	
10.013313 	93.168091 	113.941376 	88.331558 	
9.782492 	93.232613 	113.603256 	88.571709 	
9.592307 	93.644196 	113.211082 	88.334511 	
9.443003 	93.772163 	113.153625 	88.052437 	
9.275295 	93.432510 	113.136513 	88.189224 	
9.192699 	93.262711 	113.127876 	88.259087 	
9.669956 	93.660118 	113.729301 	87.935432 	
10.173744 	93.571457 	114.425880 	87.907822 	
10.422565 	93.958679 	114.686279 	87.873932 	
10.506632 	93.928406 	115.134926 	87.668732 	
10.182732 	93.712952 	115.140404 	87.790932 	
9.932304 	93.807983 	114.646156 	87.625031 	
9.710352 	93.860435 	114.539543 	87.382118 	
9.924916 	94.054245 	114.806015 	87.140663 	
9.640349 	94.084000 	114.403290 	87.065430 	
9.658035 	93.831200 	114.341141 	87.570557 	
9.412730 	93.975174 	113.746346 	87.518181 	
8.901855 	94.067726 	113.274727 	87.424110 	
9.008677 	93.778664 	113.426056 	88.134109 	
8.792005 	93.905792 	112.869110 	88.189034 	
8.840913 	93.962181 	113.080315 	87.993095 	
9.228927 	93.784782 	113.806808 	87.836853 	
9.344790 	93.792961 	113.884186 	88.037575 	
9.291533 	93.673454 	113.710945 	88.478493 	
9.250515 	93.628906 	113.605255 	88.662262 	
9.154376 	93.968147 	113.299118 	88.026588 	
8.912333 	93.852539 	113.328857 	87.999901 	
9.321267 	94.091507 	113.592545 	87.899231 	
9.626187 	93.950348 	114.153236 	88.123566 	
9.852113 	93.868530 	114.404076 	88.258911 	
9.688196 	94.087326 	114.114197 	87.815987 	
9.251981 	94.143875 	113.693985 	87.633072 	
9.028219 	94.230957 	113.535172 	87.621880 	
9.284783 	93.918694 	113.902573 	88.084183 	
8.848465 	93.694824 	113.555321 	88.357033 	
8.636131 	93.980080 	113.311394 	88.365639 	
8.750371 	93.845726 	113.266953 	88.559845 	
8.934041 	94.081955 	113.363647 	88.256096 	
9.300412 	94.311897 	113.870911 	88.211487 	
9.526255 	94.381508 	114.252014 	88.356941 	
9.608852 	94.400162 	114.430695 	88.431740 	
9.088045 	94.398415 	113.788200 	88.598503 	
8.724697 	94.423943 	113.296120 	88.679054 	
8.939164 	94.347794 	113.249840 	88.858040 	
9.348742 	94.481201 	113.655708 	89.005424 	
8.726184 	94.569412 	112.624680 	89.525703 	
8.526709 	94.688766 	111.996040 	89.893913 	
8.446780 	94.748558 	111.681656 	90.077003 	
9.008633 	94.840370 	111.882088 	90.596420 	
9.242757 	94.966339 	111.801971 	91.016579 	
8.932303 	94.929199 	111.181198 	91.213409 	
8.491510 	94.938225 	111.056847 	90.822716 	
8.244287 	94.741081 	111.204887 	90.517822 	
7.780815 	94.609222 	111.284805 	89.822502 	
8.400576 	94.705788 	112.146744 	89.396439 	
8.278821 	94.563393 	112.628822 	88.874573 	
8.200231 	94.512367 	112.626945 	88.782593 	
7.741795 	94.358910 	112.325272 	88.563698 	
7.702885 	94.405571 	112.350838 	88.439514 	
7.924194 	94.319771 	112.491821 	88.499069 	
8.402188 	94.332565 	113.182373 	88.308876 	
8.206740 	94.374664 	113.237946 	87.859306 	
7.771501 	94.371498 	112.720360 	87.896767 	
7.772714 	94.386299 	112.667038 	87.940613 	
7.850455 	94.391998 	112.635689 	88.124947 	
8.456563 	94.441727 	113.310020 	87.850891 	
8.453382 	94.356750 	113.314835 	87.819878 	
8.127650 	94.232735 	113.120659 	87.837624 	
8.010576 	94.315170 	113.386650 	87.994026 	
8.264888 	94.095886 	113.462502 	88.415337 	
8.466798 	94.207199 	113.723015 	88.393463 	
8.382884 	94.173225 	113.525482 	88.444901 	
8.425108 	94.334045 	113.368362 	88.528557 	
8.640975 	94.243599 	113.401115 	88.466118 	
8.305673 	94.152672 	113.061333 	88.282295 	
8.657938 	94.228279 	113.312431 	88.328217 	
8.516891 	94.211121 	113.084969 	88.318550 	
9.125632 	94.175377 	113.779930 	88.384636 	
9.114966 	94.167984 	113.803848 	88.516861 	
9.080215 	94.334213 	113.845825 	88.459938 	
9.327633 	94.474960 	114.080002 	88.423340 	
9.250196 	94.285294 	114.045822 	88.358376 	
9.193918 	94.288254 	113.713097 	88.560043 	
9.480107 	94.332153 	113.828316 	88.604607 	
9.368316 	94.375809 	113.765022 	88.661774 	
9.287788 	94.378700 	113.819260 	88.559273 	
9.118977 	94.377884 	113.707115 	88.179611 	
8.782907 	94.435387 	113.459381 	87.978279 	
8.721951 	94.458542 	113.509804 	88.220863 	
7.380147 	94.388153 	112.197144 	88.169678 	
6.875235 	94.404083 	111.440948 	88.546661 	
6.872096 	94.346375 	110.803902 	89.026192 	
6.700191 	94.416626 	110.596619 	88.807281 	
6.349713 	94.298576 	110.560455 	88.315331 	
6.065498 	94.277931 	110.302094 	88.546951 	
5.987102 	94.279701 	110.425659 	88.383492 	
6.375137 	94.320351 	110.690170 	88.516953 	
7.072989 	94.491730 	111.402695 	88.478172 	
8.514284 	94.432785 	112.423431 	88.584160 	
8.835334 	94.783638 	112.287109 	88.674393 	
8.555773 	94.645294 	111.915855 	89.154655 	
8.729155 	94.694626 	112.359329 	89.019653 	
8.814699 	94.480278 	112.457634 	89.049423 	
8.559972 	94.574387 	112.051384 	89.294998 	
8.201954 	94.455353 	111.486542 	89.868401 	
8.283966 	94.670448 	111.514259 	89.607895 	
8.373791 	94.750961 	111.787300 	89.481895 	
8.698384 	94.765503 	112.173592 	89.692970 	
8.603456 	94.731354 	112.185478 	89.887390 	
8.554441 	94.684723 	112.432457 	89.614349 	
8.849175 	94.613579 	113.003937 	89.331322 	
7.726798 	94.548561 	111.935318 	89.068962 	
7.805799 	94.578613 	112.177269 	88.731827 	
8.075379 	94.681000 	112.429024 	88.733513 	
8.511793 	94.864151 	113.629189 	87.728645 	
9.712357 	95.235214 	113.627396 	89.789230 	
13.733636 	92.389343 	119.277016 	88.379257 	
16.122095 	90.137283 	122.186798 	89.075287 	
21.776320 	87.020836 	126.999992 	92.679329 	
28.129618 	82.246605 	129.900757 	94.195396 	
36.068386 	75.346268 	132.193817 	93.996307 	
49.449772 	65.700027 	134.748810 	93.884895 	
60.390347 	59.074402 	135.804337 	94.342148 	
70.971626 	54.188461 	134.295578 	95.856270 	
79.272446 	52.865601 	134.072235 	96.714775 	
87.890182 	54.531422 	133.306107 	97.745850 	
94.499420 	57.450775 	132.615356 	98.937614 	
99.938034 	60.538502 	132.126892 	99.273064 	
111.772118 	69.328033 	134.012817 	96.052856 	
114.822830 	75.037209 	135.018021 	94.057167 	
115.971458 	79.495369 	136.694672 	91.896408 	
114.777519 	83.497719 	136.808350 	90.348694 	
109.272461 	88.266029 	135.371735 	88.558258 	
102.998764 	92.080109 	133.655991 	87.454025 	
94.350433 	95.420387 	132.372894 	86.426361 	
83.568962 	99.759766 	131.280167 	85.686081 	
74.112572 	101.622185 	130.286835 	84.290726 	
64.571213 	102.405823 	128.387970 	83.207993 	
52.590492 	102.166939 	126.008835 	81.901543 	
41.401306 	101.234032 	123.954262 	81.383583 	
33.190998 	99.780930 	122.675140 	81.051140 	
23.896797 	97.561737 	121.444695 	81.332047 	
19.536930 	96.608772 	122.046837 	83.164665 	
17.635090 	96.240654 	123.218201 	86.776451 	
21.676517 	93.713936 	126.490158 	87.822258 	
25.252996 	91.117218 	128.176010 	90.682083 	
27.991083 	87.612396 	129.287750 	93.051895 	
30.817476 	83.675056 	129.959457 	94.317177 	
38.600185 	75.590202 	131.344879 	94.528328 	
46.888096 	69.517334 	132.879791 	94.028351 	
57.479641 	63.132648 	133.140167 	94.341988 	
64.956429 	59.677769 	133.214706 	94.586205 	
70.686424 	57.776474 	132.710785 	95.284523 	
76.761330 	56.904800 	131.591461 	96.431496 	
81.315453 	57.043442 	130.343124 	97.117714 	
86.758705 	58.039875 	129.610794 	97.542870 	
90.954315 	59.000870 	129.209427 	97.737968 	
96.437317 	61.317188 	129.214523 	98.117867 	
104.610023 	65.289917 	130.075653 	97.870941 	
106.972504 	66.588715 	129.378494 	97.194221 	
108.293488 	67.303070 	129.089615 	97.023605 	
110.527763 	68.639267 	130.475525 	96.324181 	
112.089935 	69.374634 	131.646103 	95.725105 	
112.660934 	69.718437 	132.013123 	96.055557 	
112.963020 	69.692139 	132.151215 	96.015831 	
113.934158 	69.807434 	133.276962 	95.837997 	
114.411392 	69.804375 	133.797211 	95.602058 	
114.717834 	69.752823 	134.099518 	95.291824 	
115.240128 	69.768692 	135.221436 	94.967026 	
115.638084 	69.760437 	135.926819 	94.394180 	
115.302444 	69.606140 	136.006287 	94.483086 	
115.246071 	69.547462 	136.261871 	94.310089 	
114.929710 	69.556671 	136.114777 	94.276443 	
114.744743 	69.303673 	136.019440 	94.808762 	
114.618103 	69.025391 	136.085831 	94.693298 	
114.424736 	68.865311 	136.586151 	94.483177 	
114.148888 	68.836357 	136.720459 	94.653137 	
113.703613 	68.837296 	136.599365 	94.471191 	
113.197922 	68.971054 	136.321396 	94.147095 	
112.569801 	69.454056 	135.854355 	94.129402 	
112.135536 	70.023155 	136.345856 	94.006622 	
111.349915 	70.610275 	136.417145 	94.097939 	
109.381767 	71.481758 	135.888977 	93.647263 	
107.654213 	72.588730 	135.501785 	93.435783 	
105.038269 	74.585564 	135.512955 	92.945122 	
102.867317 	76.470856 	135.512085 	92.521873 	
100.194817 	78.772034 	135.064743 	92.520264 	
95.796715 	81.123505 	134.176620 	91.941154 	
86.674202 	84.113785 	133.011780 	89.809967 	
81.559326 	85.608559 	131.178436 	88.981522 	
74.847946 	87.366074 	129.724930 	88.324738 	
68.743958 	88.676735 	128.297073 	87.213608 	
63.218811 	89.651878 	127.102318 	86.132378 	
53.231342 	91.281929 	124.007179 	84.905418 	
44.676220 	92.005585 	120.731819 	84.050102 	
39.521198 	92.416306 	119.637115 	82.937553 	
35.782257 	92.898354 	118.711830 	82.433044 	
27.207453 	93.243446 	115.729660 	81.907890 	
19.934507 	93.509613 	113.794037 	81.741264 	
15.514234 	93.849121 	112.905731 	82.641235 	
5.782588 	93.550995 	106.868904 	83.666397 	
1.829169 	93.679955 	103.998039 	84.496056 	
2.719086 	93.727043 	102.512245 	84.930344 	
3.803799 	93.748917 	101.739937 	85.153008 	
4.395341 	93.759224 	101.347435 	85.263718 	
4.432128 	93.572395 	101.695145 	85.043213 	
4.084517 	93.371880 	102.045998 	85.096634 	
3.917567 	93.272575 	102.222862 	85.121422 	
3.835889 	93.222717 	102.311920 	85.133591 	
3.795760 	93.199013 	102.356079 	85.138817 	
3.958046 	93.155708 	103.140564 	84.804344 	
4.763166 	93.079552 	103.230431 	84.308861 	
5.163688 	93.041534 	103.271049 	84.073502 	
6.886779 	92.916275 	101.461243 	83.937134 	
7.321317 	92.850677 	100.641212 	84.088692 	
7.670561 	92.924080 	99.997559 	84.256958 	
8.012439 	92.568336 	99.077423 	84.815254 	
8.792564 	92.494827 	97.930603 	84.966324 	
9.383410 	93.003738 	97.471863 	84.765541 	
8.610553 	93.096367 	97.556511 	85.150536 	
9.434298 	92.751472 	96.556007 	85.314819 	
9.531721 	92.628929 	96.763252 	85.061371 	
9.132627 	92.669395 	97.143959 	85.278427 	
8.940372 	92.768883 	97.508110 	85.432419 	
7.669486 	92.847908 	98.627312 	85.447739 	
7.993944 	92.916046 	98.699425 	85.313530 	
7.749447 	92.953186 	98.576042 	85.326729 	
7.687174 	93.025185 	98.454178 	85.450302 	
8.942636 	92.942612 	97.384521 	85.541962 	
9.814259 	92.824738 	96.604469 	85.743248 	
10.436091 	92.832535 	95.910591 	85.723297 	
9.794444 	92.966278 	96.764977 	85.611534 	
8.691856 	93.016205 	97.637230 	85.528450 	
8.356514 	93.173019 	98.024887 	85.764107 	
8.347556 	93.041283 	98.383430 	85.517639 	
9.321984 	93.054398 	97.816994 	85.493286 	
10.872504 	93.079834 	95.915283 	86.141022 	
9.883121 	93.169556 	96.824539 	85.856667 	
9.402493 	93.297661 	97.307686 	85.677948 	
9.027196 	93.281242 	97.881363 	85.811577 	
8.785344 	93.269508 	98.543564 	85.536186 	
8.163756 	93.364670 	99.145943 	85.399086 	
8.376557 	93.236526 	98.136620 	85.460587 	
8.569237 	93.267708 	97.366173 	86.093056 	
8.567884 	93.145241 	97.241005 	85.978722 	
9.489681 	93.060471 	96.572601 	86.087273 	
8.838758 	92.967339 	97.420959 	85.858849 	
10.082742 	92.815536 	96.408554 	85.903999 	
10.086252 	93.011307 	96.878311 	85.868530 	
8.903290 	93.114166 	98.242310 	85.305519 	
8.710661 	93.143898 	98.396141 	85.533340 	
8.437522 	93.184624 	98.567680 	85.707024 	
9.151049 	93.116211 	97.850578 	86.062653 	
9.199858 	93.067261 	97.694870 	86.248047 	
8.844623 	93.088295 	97.662247 	86.222504 	
9.438026 	93.062164 	96.861900 	86.368073 	
9.405294 	93.194077 	96.816597 	86.441887 	
10.116841 	93.455238 	96.171417 	86.057281 	
9.255187 	93.470383 	97.001045 	86.561119 	
9.655408 	93.353188 	96.962273 	86.917473 	
8.957935 	93.300690 	97.535988 	87.203712 	
7.881523 	93.321350 	98.732994 	86.987869 	
8.170463 	93.145134 	98.492203 	87.124825 	
1.414024 	92.410225 	102.909370 	86.251526 	
2.843173 	92.894974 	101.187119 	86.618568 	
2.913831 	93.458076 	102.365776 	87.039314 	
1.346393 	93.618004 	106.404755 	87.094154 	
4.129151 	92.481537 	109.398766 	87.026878 	
13.118689 	89.375282 	115.720657 	87.554932 	
17.225752 	86.065544 	119.136314 	90.918060 	
29.610212 	74.983566 	123.120796 	92.335716 	
42.347816 	63.943123 	125.908989 	93.101753 	
53.710060 	55.210995 	127.797157 	94.170433 	
65.606956 	47.547871 	127.715302 	96.568840 	
74.400246 	43.745628 	127.189423 	98.596062 	
84.892471 	45.083630 	126.552330 	100.399071 	
93.210045 	49.643303 	127.175201 	101.123077 	
101.396873 	58.013317 	126.219208 	101.179276 	
109.618408 	68.991905 	126.972206 	97.287483 	
110.283562 	74.453171 	129.623581 	93.393456 	
108.640793 	78.591965 	130.904083 	90.340736 	
101.867210 	82.266396 	130.574905 	87.126778 	
95.485977 	85.129639 	129.512360 	85.420952 	
85.879868 	88.394196 	126.464394 	84.634171 	
78.267319 	91.518867 	125.002869 	84.278107 	
67.510796 	94.119644 	123.611572 	83.145355 	
57.121536 	96.077538 	121.489433 	82.516502 	
46.970093 	97.008476 	119.704231 	82.473534 	
36.213173 	96.743370 	117.823341 	81.803246 	
27.517977 	96.490562 	117.064331 	81.929352 	
19.398996 	95.685585 	116.487282 	84.126839 	
15.474987 	94.804214 	117.162971 	86.001205 	
14.970484 	93.687775 	118.214104 	87.620514 	
16.776245 	91.141853 	120.664482 	90.304985 	
19.796722 	87.983017 	121.860313 	91.689514 	
27.758205 	81.544090 	123.596779 	92.545341 	
36.633896 	74.142487 	124.896568 	92.283501 	
48.501381 	65.620033 	126.333504 	92.249474 	
57.085426 	59.884659 	126.684380 	92.736633 	
63.755043 	56.058144 	126.853813 	93.141998 	
70.389427 	52.805267 	125.655083 	95.206940 	
75.601295 	51.483643 	125.027504 	96.670433 	
82.350746 	52.182743 	123.772919 	97.737892 	
87.548256 	53.958458 	123.219948 	98.073288 	
93.191490 	56.276352 	123.085884 	98.999466 	
97.323303 	59.085308 	122.646400 	99.282875 	
100.668945 	60.441582 	123.270569 	99.374268 	
103.847252 	62.762760 	124.217415 	99.005142 	
108.611916 	64.276726 	128.000992 	96.293686 	
110.136780 	64.383240 	129.916840 	94.842896 	
111.476707 	64.292854 	131.487457 	93.733238 	
114.673264 	62.527802 	135.877838 	90.303596 	
116.398254 	61.877792 	137.832764 	88.748573 	
117.388275 	61.466545 	138.423325 	87.912346 	
117.838593 	61.141182 	138.895111 	87.661469 	
118.395821 	61.283024 	139.558182 	87.747200 	
118.626770 	61.141560 	139.825882 	87.598198 	
119.112572 	61.277508 	140.644547 	87.061394 	
119.154167 	61.307449 	140.864502 	86.687508 	
119.224419 	61.014935 	140.936142 	86.461365 	
119.293709 	61.132004 	141.236877 	86.508705 	
119.165932 	61.335556 	140.972153 	86.636795 	
119.057983 	61.684982 	140.382629 	86.832382 	
119.033409 	61.854172 	140.342117 	87.001060 	
119.321152 	61.592705 	140.919342 	86.839203 	
119.310539 	61.877464 	141.454315 	87.804817 	
119.311333 	61.631371 	141.542343 	87.335449 	
119.279785 	61.454250 	142.476578 	87.731720 	
118.903755 	61.820793 	142.245239 	87.838722 	
118.060883 	62.271416 	142.150757 	88.476036 	
117.344040 	62.565338 	142.314224 	88.830421 	
115.313141 	62.416447 	141.966019 	89.501060 	
113.433167 	62.654800 	141.397690 	90.241829 	
111.536407 	63.264977 	140.624756 	90.487961 	
108.255424 	64.869072 	139.417755 	91.197830 	
105.873131 	65.675194 	139.135025 	90.381950 	
102.093819 	66.967484 	139.139816 	89.915154 	
98.599480 	68.271210 	138.963806 	88.954681 	
88.548409 	71.769463 	136.467072 	90.150719 	
84.657127 	73.969963 	135.491058 	89.517166 	
79.334808 	76.752121 	134.330261 	88.203011 	
74.904167 	79.441956 	133.398941 	87.383049 	
68.231712 	81.555290 	131.782059 	87.762688 	
61.447891 	83.112015 	129.468292 	87.320488 	
54.859932 	84.925896 	127.488579 	86.669479 	
45.472366 	86.709915 	124.471458 	86.560959 	
39.069435 	88.160385 	123.031723 	86.320496 	
30.888790 	89.309021 	121.195000 	86.466560 	
27.692080 	89.548752 	119.991653 	87.392212 	
23.656973 	90.937500 	119.583488 	86.937622 	
31.619883 	89.946693 	120.746681 	89.310219 	
29.559528 	89.420265 	119.233452 	90.490982 	
27.764627 	89.839355 	118.595741 	91.529617 	
27.236261 	90.715981 	126.285881 	91.297394 	
30.305952 	91.293953 	132.676895 	90.716248 	
31.988245 	91.104004 	136.449860 	91.759529 	
29.448303 	90.532463 	135.171814 	94.308884 	
25.214176 	91.102119 	127.749115 	100.377831 	
12.476042 	91.253555 	108.017281 	101.132477 	
11.460921 	92.165825 	105.587044 	98.835915 	
10.507661 	93.307457 	105.446602 	95.476761 	
8.576453 	92.649178 	107.224915 	94.523682 	
9.662228 	93.186569 	106.137512 	93.305565 	
8.201547 	93.467674 	108.308792 	92.715355 	
7.781673 	92.855721 	108.223923 	93.430275 	
9.659155 	92.595993 	105.391563 	93.072968 	
12.122520 	92.093254 	102.368057 	93.620491 	
9.977582 	92.007607 	104.148125 	93.646072 	
12.805984 	91.619148 	100.573952 	94.949577 	
14.142208 	91.643181 	99.522301 	95.208054 	
13.453154 	90.959061 	100.231178 	96.509163 	
14.318822 	91.317688 	99.494194 	95.495583 	
5.442657 	90.215027 	108.018745 	93.271339 	
12.106997 	89.762939 	112.068367 	91.879173 	
16.860191 	88.533585 	114.844208 	91.479210 	
18.644196 	88.770462 	116.188469 	90.743301 	
17.022301 	89.590294 	114.844688 	91.162811 	
17.096144 	89.418098 	115.275398 	91.441948 	
18.313637 	89.522148 	115.796135 	91.699234 	
24.011454 	88.300880 	119.394081 	90.513702 	
22.394733 	87.808861 	120.583794 	92.043251 	
22.377903 	86.551674 	121.973763 	93.845879 	
23.019629 	85.518799 	124.574615 	95.396614 	
26.716244 	79.899765 	127.033829 	97.400406 	
32.641697 	72.349030 	129.164185 	97.830658 	
41.258789 	63.748074 	131.830032 	96.422401 	
51.493435 	54.561413 	131.270203 	97.608147 	
62.251934 	48.331791 	133.350311 	98.157967 	
79.684380 	44.681725 	139.169922 	94.666870 	
87.119934 	44.322254 	137.635056 	97.283966 	
95.081932 	46.589954 	134.605423 	101.803322 	
101.338593 	51.346409 	131.808197 	103.963608 	
106.834984 	56.821796 	129.970871 	105.464073 	
113.342842 	63.598755 	129.272034 	105.455254 	
117.212578 	69.056686 	128.546356 	105.019424 	
118.051750 	74.726295 	127.973320 	102.022873 	
116.974846 	78.849350 	128.211838 	99.686378 	
111.108147 	83.493065 	126.152786 	98.384918 	
100.326309 	88.951340 	125.145729 	95.705658 	
92.458794 	90.805328 	125.726707 	94.226143 	
85.967018 	92.217537 	126.023872 	93.122871 	
76.972542 	93.629547 	125.680046 	92.155022 	
70.119804 	93.824150 	127.130325 	89.910866 	
58.075001 	93.898186 	125.998688 	88.582535 	
47.643589 	94.220680 	123.657211 	88.452347 	
40.219276 	93.730278 	122.786339 	88.914436 	
33.101021 	92.271881 	122.487297 	90.214821 	
28.801958 	91.059860 	122.610214 	91.503601 	
25.683905 	89.193878 	123.267578 	94.248589 	
25.407621 	87.504791 	124.677887 	96.041466 	
27.649574 	82.822571 	126.300209 	97.841003 	
31.439135 	79.445679 	128.065857 	96.945885 	
36.748032 	75.162056 	129.396744 	96.448883 	
46.406548 	67.180931 	131.150772 	96.482109 	
55.107159 	61.017960 	132.973038 	95.999916 	
64.042168 	54.883652 	133.028870 	96.930298 	
70.678848 	50.979397 	132.976364 	98.522133 	
78.123093 	48.816345 	132.327545 	100.065102 	
83.320297 	48.590965 	130.275421 	101.264694 	
86.497208 	50.218979 	126.696754 	103.413177 	
93.453217 	53.979992 	125.408295 	104.266922 	
97.468811 	58.364574 	122.096886 	105.996567 	
101.932922 	63.294910 	120.497734 	107.410393 	
105.076363 	67.041603 	119.672577 	108.136009 	
107.690643 	68.975288 	120.310738 	107.764175 	
109.480820 	70.554642 	120.976021 	106.938072 	
111.076309 	71.216904 	122.434860 	105.409775 	
112.150040 	71.292671 	124.037849 	105.289787 	
113.748238 	71.212914 	126.994019 	104.358391 	
114.214012 	70.769096 	128.521027 	103.518799 	
114.877235 	70.774910 	129.776352 	102.837700 	
115.530685 	70.347893 	131.340057 	102.403366 	
115.891945 	70.152367 	132.057816 	102.159340 	
116.437813 	70.217804 	132.737152 	101.721298 	
116.677925 	70.446930 	132.916000 	101.506859 	
116.930267 	70.508255 	133.263336 	101.236877 	
117.364151 	71.049988 	133.875412 	101.171150 	
117.627823 	71.118706 	134.364487 	100.772575 	
116.941994 	71.792168 	133.834763 	100.885818 	
116.345497 	71.620575 	133.718979 	100.879913 	
115.597916 	71.568268 	133.592117 	100.457840 	
114.941658 	72.418442 	133.677689 	100.742599 	
113.760307 	73.497284 	133.753876 	100.570023 	
112.456009 	75.190750 	133.951416 	100.249634 	
110.316605 	75.789955 	133.847427 	99.594650 	
106.406487 	77.440437 	134.263275 	98.143257 	
102.052406 	78.315262 	134.446365 	97.028038 	
95.838348 	79.695534 	134.782684 	94.507706 	
88.993149 	81.836113 	133.562424 	92.903961 	
81.014236 	83.390617 	134.605713 	89.208908 	
73.604645 	83.856491 	134.439651 	84.789017 	
61.178177 	85.321945 	133.391525 	82.007339 	
50.078651 	87.307777 	131.137161 	79.944580 	
39.480125 	88.249611 	128.213943 	79.783806 	
30.758442 	89.136612 	126.051643 	79.542450 	
24.586096 	89.905884 	124.458244 	79.799255 	
21.470606 	90.455078 	123.974831 	79.617554 	
20.848314 	89.829681 	123.536377 	78.745979 	
14.646773 	92.063431 	121.892921 	79.312706 	
22.195967 	90.051292 	122.743828 	77.200279 	
29.952538 	91.316582 	132.714859 	71.042290 	
16.780422 	93.324875 	126.506317 	77.616859 	
8.261823 	95.162117 	121.386177 	79.234619 	
2.786918 	95.900337 	118.516434 	81.824959 	
1.289526 	95.716660 	115.539154 	83.916695 	
2.010129 	95.392700 	114.800713 	85.505341 	
16.649082 	93.924217 	130.208237 	76.955399 	
25.714193 	93.302231 	135.301437 	73.884186 	
29.665916 	93.491341 	137.106369 	71.058205 	
27.927107 	93.893692 	135.413376 	69.839951 	
25.797297 	94.331696 	132.679352 	68.927841 	
25.412365 	93.970833 	131.979843 	69.564888 	
25.373405 	92.545807 	132.777466 	71.681549 	
25.357700 	91.838234 	133.165359 	72.747345 	
3.854579 	92.195740 	111.881859 	84.705139 	
5.445285 	92.428291 	107.391396 	87.650200 	
22.751968 	83.869392 	117.353836 	85.159103 	
18.772896 	84.733093 	113.863007 	88.835670 	
18.283388 	85.784531 	113.181076 	88.498619 	
18.658363 	86.954086 	114.488083 	87.124794 	
3.638788 	89.476097 	109.567955 	88.544708 	
36.664051 	85.665932 	129.430466 	80.557045 	
30.861929 	86.955017 	126.833237 	81.079590 	
19.149761 	89.120888 	120.981323 	82.929756 	
14.931885 	91.066757 	118.993317 	81.486954 	
17.704105 	89.982056 	119.422241 	81.118973 	
21.359459 	88.366585 	120.674400 	79.693275 	
23.618711 	87.785042 	121.804169 	78.522087 	
26.977417 	86.054352 	123.023506 	77.232880 	
18.352386 	88.500931 	121.437416 	79.380112 	
21.693108 	88.595291 	123.682175 	79.403366 	
23.607252 	88.983810 	124.782211 	78.797188 	
24.777111 	89.070007 	125.951996 	78.482750 	
25.424412 	89.195877 	125.976746 	77.176056 	
27.155817 	89.022865 	126.206367 	75.304405 	
28.838757 	88.469315 	126.624809 	74.929619 	
26.281599 	89.297890 	125.117676 	75.226402 	
25.800262 	89.694656 	125.388802 	75.789963 	
20.172390 	90.470436 	122.556351 	76.872063 	
24.404947 	89.159012 	125.019684 	76.706734 	
25.287701 	89.305878 	125.084549 	76.170876 	
25.636082 	89.607864 	125.220703 	76.042496 	
26.328901 	89.133827 	126.493980 	76.536980 	
38.854248 	83.002785 	128.675674 	74.267311 	
18.399426 	91.301201 	123.022934 	76.882912 	
9.349121 	94.933708 	118.599747 	78.619781 	
26.241827 	88.550011 	125.451653 	74.746216 	
20.950060 	90.304024 	125.360146 	78.204720 	
21.232510 	88.631325 	129.493912 	82.756577 	
23.569592 	84.837852 	132.214737 	86.895973 	
32.050938 	74.970757 	135.073029 	87.722801 	
43.009998 	65.311508 	137.948715 	87.801506 	
52.264919 	57.589069 	139.471024 	88.032089 	
66.740311 	50.708759 	142.130310 	87.512123 	
74.466644 	46.425938 	138.683212 	91.048744 	
84.927467 	46.357056 	135.396301 	93.912621 	
92.708702 	51.022686 	132.005249 	96.480331 	
99.028053 	56.917599 	129.678574 	97.732193 	
111.056488 	71.874840 	130.112244 	94.817772 	
111.865990 	79.253426 	131.126434 	91.334755 	
110.509743 	83.857063 	133.018829 	87.377350 	
103.819084 	87.636177 	131.732742 	83.402351 	
97.187912 	90.252769 	130.500305 	80.430443 	
88.269424 	93.763504 	130.478561 	78.737228 	
80.893021 	96.469078 	130.347733 	77.629349 	
74.054253 	97.987206 	130.035080 	76.806931 	
63.711948 	100.290924 	128.969574 	77.128807 	
55.057568 	100.464417 	128.898773 	77.012436 	
44.073818 	100.431007 	127.214211 	75.670509 	
36.537762 	99.200256 	126.279747 	75.673904 	
28.813852 	97.622208 	125.172997 	76.482979 	
24.222019 	95.695099 	124.874367 	77.983177 	
20.997154 	94.732910 	124.425430 	79.906464 	
21.553129 	92.291794 	126.632362 	82.729874 	
23.678207 	89.355408 	128.677673 	85.176239 	
30.023306 	83.589386 	131.711731 	86.984810 	
37.684010 	77.607704 	134.123566 	86.478600 	
45.533627 	71.180855 	136.157654 	86.191170 	
56.840618 	62.817204 	138.121567 	86.211090 	
65.747543 	57.447876 	140.005280 	87.153587 	
74.344513 	52.606998 	139.853760 	88.581848 	
80.761986 	50.605659 	138.751862 	89.696671 	
87.375198 	50.011318 	137.253601 	91.149490 	
92.206207 	51.362530 	135.859818 	92.824066 	
98.317650 	54.137821 	134.943466 	93.911804 	
102.809547 	56.422123 	134.402878 	94.256035 	
106.869568 	58.237389 	134.764130 	93.934067 	
112.096603 	59.079571 	137.771118 	92.024086 	
117.678177 	61.018402 	140.553009 	89.380119 	
119.564949 	61.939056 	142.050537 	88.657005 	
120.796776 	62.619858 	142.831436 	88.096634 	
121.394157 	63.296539 	142.957367 	87.671349 	
122.201889 	63.553810 	143.649445 	86.990898 	
121.788216 	64.306023 	142.712723 	87.290062 	
121.447166 	64.821663 	141.824097 	87.497299 	
121.390945 	64.524887 	142.304230 	86.994820 	
121.200188 	64.535034 	141.947922 	86.626076 	
121.300018 	63.901752 	142.643875 	85.505150 	
121.061432 	63.763462 	142.993774 	84.895500 	
120.990807 	63.716518 	143.496689 	84.620132 	
120.004417 	63.082691 	143.714554 	84.212547 	
118.985077 	63.386246 	143.182922 	83.963905 	
116.791153 	64.216827 	141.255783 	84.784691 	
114.982010 	64.879814 	139.672485 	85.589729 	
112.975807 	65.555244 	137.147751 	86.616020 	
110.697212 	65.700554 	135.921326 	87.127754 	
108.444313 	65.962357 	133.826035 	88.217026 	
106.819519 	65.916557 	132.137512 	89.616722 	
105.309570 	65.498970 	131.157913 	90.591339 	
103.050095 	65.239929 	129.727844 	91.198044 	
101.118126 	65.098816 	127.876205 	91.767410 	
98.773415 	65.371399 	125.519684 	93.047348 	
96.137177 	65.573441 	123.199371 	93.093071 	
94.592537 	66.233910 	121.870041 	93.359467 	
91.940018 	66.857506 	120.298454 	92.559998 	
90.014076 	67.732147 	119.136452 	91.958885 	
87.994148 	68.263222 	118.367767 	92.492783 	
85.776932 	68.682465 	116.770348 	92.602127 	
80.434517 	70.162125 	113.840981 	94.018555 	
77.390602 	71.055374 	112.062004 	94.465439 	
73.419243 	71.913185 	110.292496 	95.454231 	
70.251007 	72.701096 	109.681366 	96.255478 	
65.719048 	73.755554 	108.188774 	97.218269 	
62.898701 	74.301315 	106.818329 	98.207336 	
60.504097 	74.440918 	105.632896 	99.325859 	
57.379902 	74.427933 	104.514153 	98.545578 	
55.367390 	74.381050 	103.773682 	98.443733 	
53.167458 	74.767441 	102.157753 	99.141899 	
51.186329 	74.949982 	100.927612 	99.664986 	
50.240196 	74.818207 	100.096184 	100.360344 	
49.029224 	75.564163 	99.131790 	100.573364 	
48.164021 	76.508141 	98.107544 	100.846062 	
47.041126 	77.354141 	97.494972 	100.878319 	
45.949116 	77.984200 	97.509613 	100.840675 	
45.049160 	78.400459 	97.562401 	100.468803 	
44.527294 	78.248146 	97.950127 	101.119370 	
44.052673 	78.664825 	98.183769 	101.272804 	
42.300869 	79.206772 	97.981522 	101.583275 	
40.948044 	79.304497 	97.917229 	101.769897 	
39.879532 	79.132271 	98.254280 	102.301781 	
38.811104 	79.203560 	98.247314 	102.829575 	
